3
4
5
6
7
8
9
11
12
13
14
15
16
17
18
19
20
21
22
23
24
25
26
28
29
30
32
33
34
35
36
37
39
40
41
42
43
44
45
46
47
50
51
52
53
54
55
56
57
58
60
61
62
63
64
65
66
67
68
69
71
72
73
74
75
76
77
78
79
80
81
82
83
85
86
87
88
89
90
92
93
94
95
96
97
98
101
102
103
104
105
106
107
108
109
111
112
113
114
116
117
118
120
121
122
123
124
125
126
127
128
129
132
133
134
135
136
137
138
139
140
142
143
144
146
147
151
152
153
155
156
157
158
160
162
163
165
166
167
168
170
171
174
175
176
178
179
180
181
182
183
185
186
187
189
190
191
192
193
194
195
197
198
199
201
202
203
205
206
207
208
209
211
212
213
214
215
216
218
219
220
221
222
223
224
225
227
228
229
231
232
233
234
236
237
238
239
240
242
243
244
245
246
247
248
250
251
253
254
255
256
257
259
260
262
264
267
269
270
271
272
273
274
275
276
278
279
280
282
284
286
287
288
289
290
291
292
293
294
295
297
298
299
300
302
303
304
305
306
307
308
309
310
311
312
313
314
315
316
317
318
319
320
321
322
323
326
327
330
331
332
333
334
335
336
338
342
343
344
345
346
347
348
351
352
353
356
357
358
359
360
361
363
364
365
366
367
368
